# BlackJack Analysis

Tools for the analysis of BlackJack, written primarily in CoffeeScript.

**The implementation in Coffeescript has been deprecated. Development has moved to Julia.**

## Executables

### generate-card-frequency-data.coffee
Dealing the first deck from a 6-deck shoe is simulated 100,000,000 times. For each count, the average quantity and
density of each card (1-13) in the remaining shoe is computed. Results are written to the file
`data/cardDensitiesByCount.json`. A summary is written to the console.

### generate-count-probability-data.coffee
Noting the count after dealing half of a 6-deck shoe is simulated 100,000,000 times and the probability of
each possible count is written to the file `data/countProbabilities.json`. A summary is written to the console.

### generate-dealer-blackjack-probabilities.coffee
Computes the probability of a dealer blackjack when an ace is showing for each count based on the card densities in `cardDensitiesByCount.json`. The results are written to `dealerBlackjackProbabilitiesByCount.json`.

### generate-true-count-distribution.coffee
Computes the distribution of true counts in a shoe as each card in the shoe is dealt to the deck penetration limit.
The results are written to `data/trueCountDistribution.json`. A summary is written to the console.

### generate-dealer-outcome-distribution.coffee
Computes the distribution of dealer outcomes. A summary is written to the console.

## Generated data

### cardDensitiesByCount.json
A two-dimensional array -- the average quantity of each card in a deck for each count value from -52 to +52. Generated
by `generate-card-frequency-data.coffee`

### countProbabilities.json
The probability of a particular count after dealing half of a 6-deck shoe. Generated by
`generate-count-probability-data.coffee`

### trueCountDistribution.json
For each true count, the amount of cards dealt as a fraction of the total dealt resulting in that count. Generated by
`generate-true-count-distribution.coffee`

## Summaries
Summaries of analysis results.

### Frequencies of true counts
After dealing half of a 6-deck shoe

| Count | N        | %     |
|-------|----------|-------|
| -15   | 2        | 0     |
| -14   | 8        | 0     |
| -13   | 45       | 0     |
| -12   | 319      | 0     |
| -11   | 1880     | 0     |
| -10   | 8930     | 0.01  |
| -9    | 37646    | 0.04  |
| -8    | 133030   | 0.13  |
| -7    | 408704   | 0.41  |
| -6    | 1069199  | 1.07  |
| -5    | 2418053  | 2.42  |
| -4    | 4712911  | 4.71  |
| -3    | 7897869  | 7.9   |
| -2    | 11416462 | 11.42 |
| -1    | 14234813 | 14.23 |
| 0     | 15321809 | 15.32 |
| 1     | 14238224 | 14.24 |
| 2     | 11410293 | 11.41 |
| 3     | 7898774  | 7.9   |
| 4     | 4710745  | 4.71  |
| 5     | 2419789  | 2.42  |
| 6     | 1070741  | 1.07  |
| 7     | 407675   | 0.41  |
| 8     | 133165   | 0.13  |
| 9     | 37729    | 0.04  |
| 10    | 8941     | 0.01  |
| 11    | 1852     | 0     |
| 12    | 341      | 0     |
| 13    | 42       | 0     |
| 14    | 6        | 0     |
| 15    | 3        | 0     |

Generated by `generate-count-probability-data.coffee`

### Average frequencies of low (2-6), uncounted(7-9), and high cards (A,10-K)
After dealing 5 decks from a 6-deck shoe

| Count | Low % | Uncounted % | High % |
|-------|-------|-------------|--------|
| -20   |  58.5 |   21.4      |  20.1  |
| -19   |  57.4 |   21.6      |  21    |
| -18   |  56.3 |   21.8      |  21.9  |
| -17   |  55.3 |   22        |  22.7  |
| -16   |  54.3 |   22.1      |  23.6  |
| -15   |  53.3 |   22.2      |  24.5  |
| -14   |  52.2 |   22.4      |  25.4  |
| -13   |  51.2 |   22.5      |  26.3  |
| -12   |  50.2 |   22.6      |  27.2  |
| -11   |  49.2 |   22.7      |  28.1  |
| -10   |  48.2 |   22.8      |  29    |
| -9    |  47.2 |   22.9      |  30    |
| -8    |  46.2 |   22.9      |  30.9  |
| -7    |  45.2 |   23        |  31.8  |
| -6    |  44.2 |   23        |  32.7  |
| -5    |  43.2 |   23.1      |  33.7  |
| -4    |  42.3 |   23.1      |  34.6  |
| -3    |  41.3 |   23.1      |  35.6  |
| -2    |  40.3 |   23.1      |  36.6  |
| -1    |  39.4 |   23.1      |  37.6  |
| 0     |  38.5 |   23.1      |  38.5  |
| 1     |  37.6 |   23.1      |  39.4  |
| 2     |  36.6 |   23.1      |  40.3  |
| 3     |  35.6 |   23.1      |  41.3  |
| 4     |  34.7 |   23.1      |  42.3  |
| 5     |  33.7 |   23.1      |  43.2  |
| 6     |  32.8 |   23        |  44.2  |
| 7     |  31.8 |   23        |  45.2  |
| 8     |  30.9 |   22.9      |  46.2  |
| 9     |  30   |   22.9      |  47.2  |
| 10    |  29   |   22.8      |  48.2  |
| 11    |  28.1 |   22.7      |  49.2  |
| 12    |  27.2 |   22.6      |  50.2  |
| 13    |  26.3 |   22.5      |  51.2  |
| 14    |  25.4 |   22.4      |  52.3  |
| 15    |  24.5 |   22.2      |  53.3  |
| 16    |  23.6 |   22.1      |  54.3  |
| 17    |  22.7 |   22        |  55.3  |
| 18    |  21.9 |   21.8      |  56.3  |
| 19    |  21   |   21.7      |  57.3  |
| 20    |  20.1 |   21.5      |  58.4  |
  
Generated by `generate-card-frequency-data.coffee`

### Probability of dealer blackjack when an ace is showing for each true count

| Count | %    |
|-------|------|
| -20   | 16.1 |
| -19   | 16.8 |
| -18   | 17.5 |
| -17   | 18.2 |
| -16   | 18.9 |
| -15   | 19.6 |
| -14   | 20.3 |
| -13   | 21   |
| -12   | 21.8 |
| -11   | 22.5 |
| -10   | 23.2 |
| -9    | 24   |
| -8    | 24.7 |
| -7    | 25.4 |
| -6    | 26.2 |
| -5    | 27   |
| -4    | 27.7 |
| -3    | 28.5 |
| -2    | 29.3 |
| -1    | 30   |
| 0     | 30.8 |
| 1     | 31.5 |
| 2     | 32.3 |
| 3     | 33   |
| 4     | 33.8 |
| 5     | 34.6 |
| 6     | 35.4 |
| 7     | 36.1 |
| 8     | 36.9 |
| 9     | 37.7 |
| 10    | 38.5 |
| 11    | 39.3 |
| 12    | 40.1 |
| 13    | 41   |
| 14    | 41.8 |
| 15    | 42.6 |
| 16    | 43.4 |
| 17    | 44.3 |
| 18    | 45.1 |
| 19    | 45.9 |
| 20    | 46.7 |

Generated by `generate-dealer-blackjack-probabilities.coffee`

### Occurrence of true counts in a shoe
For each card dealt from a 6-deck shoe up to the 1-deck penetration limit

| Count | %     |
|-------|-------|
| -16   | 0.01  |
| -15   | 0.01  |
| -14   | 0.02  |
| -13   | 0.04  |
| -12   | 0.06  |
| -11   | 0.11  |
| -10   | 0.18  |
| -9    | 0.3   |
| -8    | 0.48  |
| -7    | 0.73  |
| -6    | 1.25  |
| -5    | 1.95  |
| -4    | 3.18  |
| -3    | 5.23  |
| -2    | 8.87  |
| -1    | 15.93 |
| 0     | 23.23 |
| 1     | 15.94 |
| 2     | 8.89  |
| 3     | 5.24  |
| 4     | 3.19  |
| 5     | 1.95  |
| 6     | 1.19  |
| 7     | 0.79  |
| 8     | 0.48  |
| 9     | 0.3   |
| 10    | 0.18  |
| 11    | 0.11  |
| 12    | 0.06  |
| 13    | 0.04  |
| 14    | 0.02  |
| 15    | 0.01  |
| 16    | 0.01  |

Generated by `generate-true-count-distribution.coffee`.

### Distributions of dealer hand outcomes

#### Dealer does not check for blackjack:

| Showing | 17 (%) | 18 (%) | 19 (%) | 20 (%) | 21 (%) | Bust (%) |
|---------|--------|--------|--------|--------|--------|----------|
| 'Ace'   | 5.7    | 14.3   | 14.3   | 14.3   | 37.4   | 13.9     |
| 2       | 13     | 13.6   | 13.2   | 12.6   | 12     | 35.6     |
| 3       | 12.6   | 13.2   | 12.7   | 12.2   | 11.6   | 37.7     |
| 4       | 12.3   | 12.6   | 12.3   | 11.8   | 11.3   | 39.8     |
| 5       | 11.8   | 12.3   | 11.8   | 11.2   | 10.9   | 41.9     |
| 6       | 11.5   | 11.5   | 11.5   | 11     | 10.6   | 43.9     |
| 7       | 36.9   | 13.8   | 7.9    | 7.9    | 7.4    | 26.2     |
| 8       | 12.9   | 36     | 12.9   | 6.9    | 7      | 24.4     |
| 9       | 12     | 11.7   | 35.2   | 12     | 6.1    | 22.9     |
| 'Ten'   | 11.2   | 11.2   | 11.2   | 34     | 11.2   | 21.3     |

Generated by `generate-dealer-outcome-distribution.coffee`

#### Dealer checks for blackjack:
A blackjack is not included in the results because the round ends immediately.

| Showing | 17 (%) | 18 (%) | 19 (%) | 20 (%) | 21 (%) | Bust (%) |
|---------|--------|--------|--------|--------|--------|----------|
| 'Ace'   | 8.3    | 20.7   | 20.7   | 20.7   | 9.5    | 20.1     |
| 2       | 13     | 13.6   | 13.2   | 12.6   | 12     | 35.6     |
| 3       | 12.6   | 13.2   | 12.7   | 12.2   | 11.6   | 37.7     |
| 4       | 12.3   | 12.6   | 12.3   | 11.8   | 11.3   | 39.8     |
| 5       | 11.8   | 12.3   | 11.8   | 11.2   | 10.9   | 41.9     |
| 6       | 11.5   | 11.5   | 11.5   | 11     | 10.6   | 43.9     |
| 7       | 36.9   | 13.8   | 7.9    | 7.9    | 7.4    | 26.2     |
| 8       | 12.9   | 36     | 12.9   | 6.9    | 7      | 24.4     |
| 9       | 12     | 11.7   | 35.2   | 12     | 6.1    | 22.9     |
| 'Ten'   | 12.1   | 12.1   | 12.1   | 36.8   | 3.8    | 23       |

Generated by `generate-dealer-outcome-distribution.coffee`
### King's Bounty Analysis
King's Bounty is a side bet that pays when the player's first two cards total 20. The payout varies by the card
combination.

The payout table is as follows:

|         Cards        |   Payout   |
|----------------------|------------|
| Kings of Spades + BJ | 1,000 to 1 |
| Kings of Spades      |   100 to 1 |
| Suited Kings         |    30 to 1 |
| Suited Q/J/10        |    20 to 1 |
| Suited 20            |     9 to 1 |
| Kings                |     6 to 1 |
| Unsuited 20          |     4 to 1 |
| Other                |    -1 to 1 |

Note: In this analysis, Kings of Spades + BJ is simulated by assuming that some fraction of the time the dealer
will have a blackjack based on the values in cardDensitiesByCount.json, rather than actually generating dealer hands.

The data below is generated by `analyze-kings-bounty.coffee` based on 1,310,000,000 hands from 10,000,000 shoes.

#### Overall Frequencies and Payouts

|         Hand         | Frequency %  |  Payout  |
|----------------------|--------------|----------|
| Kings of Spades + BJ |   0.0009     |   0.9459 |
| Kings of Spades      |   0.0299     |   2.9926 |
| Suited Kings         |   0.0928     |   2.7851 |
| Suited Q/J/10        |   0.371      |   7.4195 |
| Suited 20            |   2.0782     |  18.704  |
| Kings                |   0.4449     |   2.6696 |
| Unsuited 20          |   7.5679     |  30.2716 |
| Other                |  89.4143     | -89.4143 |
| Total                | 100          |  -0.2363 |

#### Frequencies and Payouts by True Count

| Count | Kings of Spades + BJ | Kings of Spades | Suited Kings | Suited Q/J/10 | Suited 20 | Unsuited Kings | Unsuited 20 |  Other  | Payout  |
|-------|----------------------|-----------------|--------------|---------------|-----------|----------------|-------------|---------|---------|
| -20   | 0                    | 0               | 0.0168       | 0.1342        | 0.4026    | 0.0839         | 2.2815      | 97.081  | -0.8064 |
| -19   | 0                    | 0               | 0.0208       | 0.1245        | 0.7887    | 0.083          | 2.4213      | 96.5617 | -0.7617 |
| -18   | 0                    | 0.0038          | 0.0268       | 0.1186        | 0.6773    | 0.1339         | 2.4948      | 96.5447 | -0.7611 |
| -17   | 0                    | 0.0085          | 0.0278       | 0.1559        | 0.752     | 0.1495         | 2.7451      | 96.1612 | -0.7271 |
| -16   | 0                    | 0.0055          | 0.0376       | 0.1273        | 0.8467    | 0.1538         | 2.9541      | 95.8749 | -0.7129 |
| -15   | 0                    | 0.0116          | 0.0377       | 0.1495        | 0.8511    | 0.1647         | 3.1466      | 95.6388 | -0.6913 |
| -14   | 0                    | 0.0132          | 0.0369       | 0.1648        | 0.936     | 0.1818         | 3.3526      | 95.3148 | -0.6667 |
| -13   | 0.0003               | 0.0156          | 0.0348       | 0.1677        | 1.0177    | 0.201          | 3.6304      | 94.9324 | -0.6376 |
| -12   | 0.0002               | 0.0155          | 0.0466       | 0.1788        | 1.0637    | 0.2202         | 3.8716      | 94.6034 | -0.6146 |
| -11   | 0.0007               | 0.0142          | 0.0517       | 0.1929        | 1.1431    | 0.2277         | 4.1317      | 94.2379 | -0.5856 |
| -10   | 0.0004               | 0.0179          | 0.0521       | 0.211         | 1.2119    | 0.244          | 4.3794      | 93.8832 | -0.5605 |
| -9    | 0.0003               | 0.0178          | 0.0534       | 0.2163        | 1.2963    | 0.2631         | 4.6387      | 93.514  | -0.5368 |
| -8    | 0.0004               | 0.019           | 0.0596       | 0.2346        | 1.3567    | 0.2812         | 4.9338      | 93.1146 | -0.5068 |
| -7    | 0.0004               | 0.0204          | 0.0617       | 0.2502        | 1.4417    | 0.2969         | 5.2101      | 92.7185 | -0.4781 |
| -6    | 0.0006               | 0.0219          | 0.067        | 0.2634        | 1.5226    | 0.3168         | 5.5125      | 92.2952 | -0.4461 |
| -5    | 0.0005               | 0.0226          | 0.0696       | 0.2791        | 1.6092    | 0.337          | 5.8393      | 91.8427 | -0.4155 |
| -4    | 0.0007               | 0.0241          | 0.0744       | 0.2968        | 1.698     | 0.3562         | 6.1605      | 91.3893 | -0.3809 |
| -3    | 0.0006               | 0.0254          | 0.079        | 0.3152        | 1.7871    | 0.3772         | 6.4999      | 90.9155 | -0.3472 |
| -2    | 0.0007               | 0.0269          | 0.0834       | 0.3331        | 1.8846    | 0.4003         | 6.8474      | 90.4235 | -0.3108 |
| -1    | 0.0008               | 0.0284          | 0.0884       | 0.3518        | 1.98      | 0.4228         | 7.2125      | 89.9152 | -0.2735 |
| 0     | 0.0009               | 0.03            | 0.0925       | 0.37          | 2.074     | 0.4438         | 7.5514      | 89.4374 | -0.2383 |
| 1     | 0.001                | 0.0312          | 0.0972       | 0.3881        | 2.1636    | 0.4647         | 7.8807      | 88.9735 | -0.2037 |
| 2     | 0.0012               | 0.0328          | 0.1014       | 0.406         | 2.2626    | 0.4877         | 8.2452      | 88.4631 | -0.1659 |
| 3     | 0.0012               | 0.0344          | 0.1061       | 0.4257        | 2.3614    | 0.5109         | 8.6165      | 87.9438 | -0.1285 |
| 4     | 0.0014               | 0.0354          | 0.1117       | 0.4468        | 2.466     | 0.533          | 8.9884      | 87.4173 | -0.0886 |
| 5     | 0.0015               | 0.0375          | 0.1153       | 0.4634        | 2.5662    | 0.557          | 9.3877      | 86.8714 | -0.0494 |
| 6     | 0.0016               | 0.0394          | 0.121        | 0.485         | 2.6711    | 0.5794         | 9.7695      | 86.333  | -0.0086 |
| 7     | 0.0018               | 0.0395          | 0.1264       | 0.5076        | 2.7821    | 0.6075         | 10.1499     | 85.7852 | 0.032   |
| 8     | 0.002                | 0.0425          | 0.1333       | 0.5316        | 2.9073    | 0.6332         | 10.6235     | 85.1266 | 0.0823  |
| 9     | 0.0019               | 0.0439          | 0.1416       | 0.5573        | 3.0251    | 0.6659         | 11.0532     | 84.5112 | 0.1264  |
| 10    | 0.0024               | 0.0448          | 0.1461       | 0.5774        | 3.1384    | 0.6902         | 11.48       | 83.9207 | 0.1725  |
| 11    | 0.0025               | 0.0499          | 0.1504       | 0.6099        | 3.2596    | 0.7231         | 11.9375     | 83.2672 | 0.224   |
| 12    | 0.0023               | 0.05            | 0.1524       | 0.6239        | 3.4295    | 0.7698         | 12.397      | 82.5751 | 0.2683  |
| 13    | 0.0024               | 0.0535          | 0.1561       | 0.6576        | 3.5189    | 0.7876         | 12.9232     | 81.9007 | 0.318   |
| 14    | 0.0023               | 0.0503          | 0.1674       | 0.6786        | 3.6558    | 0.8228         | 13.3551     | 81.2678 | 0.3587  |
| 15    | 0.0048               | 0.0587          | 0.1732       | 0.7395        | 3.7739    | 0.8461         | 13.7625     | 80.6412 | 0.4416  |
| 16    | 0.0022               | 0.0639          | 0.1818       | 0.746         | 3.9226    | 0.8749         | 14.5766     | 79.632  | 0.482   |
| 17    | 0.0043               | 0.0491          | 0.1836       | 0.7706        | 4.2563    | 0.9093         | 14.8779     | 78.9489 | 0.5442  |
| 18    | 0.0038               | 0.0422          | 0.1456       | 0.8623        | 3.9703    | 0.9427         | 15.4595     | 78.5736 | 0.5432  |
| 19    | 0.016                | 0.0799          | 0.2397       | 0.7669        | 4.194     | 0.7829         | 16.4323     | 77.4884 | 0.7718  |
| 20    | 0                    | 0.0677          | 0.2439       | 0.8671        | 4.6877    | 1.2735         | 16.7728     | 76.0873 | 0.7227  |

#### Frequencies and Payouts by 10-Count

10-count is the number of 10s left in the shoe divided by the number of decks left in the shoe.

| 10 Count | Kings of Spades + BJ | Kings of Spades | Suited Kings | Suited Q/J/10 | Suited 20 | Unsuited Kings | Unsuited 20 | Other   | Total Payout |
|----------|----------------------|-----------------|--------------|---------------|-----------|----------------|-------------|---------|--------------|
| 2        | 0                    | 0               | 0            | 0             | 0         | 0              | 0           | 100     | -1           |
| 3        | 0                    | 0               | 0            | 0             | 0         | 0              | 1.2987      | 98.7013 | -0.9351      |
| 4        | 0                    | 0               | 0            | 0             | 0.3711    | 0              | 2.5974      | 97.0315 | -0.833       |
| 5        | 0                    | 0               | 0            | 0             | 0.8521    | 0.0387         | 1.9365      | 97.1727 | -0.8153      |
| 6        | 0                    | 0.0081          | 0.0163       | 0.0325        | 0.7478    | 0.0894         | 2.0647      | 97.0411 | -0.7956      |
| 7        | 0                    | 0.0015          | 0.0105       | 0.0627        | 0.7857    | 0.0747         | 2.4945      | 96.5705 | -0.7736      |
| 8        | 0                    | 0.0113          | 0.0214       | 0.094         | 0.8606    | 0.11           | 2.8997      | 96.0029 | -0.7234      |
| 9        | 0.0001               | 0.0078          | 0.0275       | 0.1087        | 0.9698    | 0.1312         | 3.2689      | 95.4859 | -0.6897      |
| 10       | 0.0001               | 0.0117          | 0.0332       | 0.142         | 1.0793    | 0.1687         | 3.6881      | 94.8768 | -0.6424      |
| 11       | 0.0003               | 0.0139          | 0.0435       | 0.1702        | 1.2047    | 0.2005         | 4.2022      | 94.1645 | -0.5888      |
| 12       | 0.0005               | 0.0167          | 0.051        | 0.2021        | 1.3424    | 0.2451         | 4.7542      | 93.388  | -0.5308      |
| 13       | 0.0005               | 0.0193          | 0.0605       | 0.2399        | 1.5032    | 0.2881         | 5.3742      | 92.5143 | -0.4674      |
| 14       | 0.0006               | 0.023           | 0.0705       | 0.2814        | 1.6852    | 0.3387         | 6.0689      | 91.5317 | -0.3941      |
| 15       | 0.0008               | 0.0263          | 0.082        | 0.3265        | 1.8789    | 0.3919         | 6.8157      | 90.478  | -0.3158      |
| 16       | 0.0009               | 0.0298          | 0.0925       | 0.3694        | 2.0706    | 0.4434         | 7.5384      | 89.4551 | -0.2395      |
| 17       | 0.0011               | 0.0332          | 0.103        | 0.4122        | 2.2589    | 0.4932         | 8.2542      | 88.4442 | -0.1637      |
| 18       | 0.0014               | 0.0371          | 0.1148       | 0.4613        | 2.4778    | 0.553          | 9.0964      | 87.2582 | -0.075       |
| 19       | 0.0016               | 0.0407          | 0.1277       | 0.512         | 2.706     | 0.6126         | 9.9526      | 86.0467 | 0.015        |
| 20       | 0.0018               | 0.0455          | 0.1414       | 0.5682        | 2.9497    | 0.6771         | 10.8753     | 84.741  | 0.113        |
| 21       | 0.002                | 0.051           | 0.156        | 0.6232        | 3.23      | 0.7506         | 11.9426     | 83.2445 | 0.2236       |
| 22       | 0.0023               | 0.0549          | 0.1723       | 0.6786        | 3.5221    | 0.8264         | 12.9987     | 81.7447 | 0.334        |
| 23       | 0.0026               | 0.0589          | 0.1806       | 0.7553        | 3.8105    | 0.9099         | 14.1985     | 80.0837 | 0.455        |
| 24       | 0.0015               | 0.0681          | 0.2128       | 0.8311        | 4.1307    | 0.9989         | 15.4033     | 78.3537 | 0.5776       |
| 25       | 0.0028               | 0.0682          | 0.2379       | 0.9111        | 4.5391    | 1.0882         | 16.6164     | 76.5362 | 0.7226       |
| 26       | 0.0093               | 0.0648          | 0.2376       | 0.9197        | 4.9412    | 1.2129         | 17.8791     | 74.7353 | 0.8979       |
| 27       | 0.0087               | 0.1038          | 0.2509       | 1.1419        | 5.173     | 1.3149         | 18.6851     | 73.3218 | 1.0526       |
| 28       | 0                    | 0.085           | 0.2268       | 1.5306        | 4.9887    | 1.6156         | 20.1247     | 71.4286 | 1.0958       |
| 29       | 0                    | 0               | 0.2125       | 1.594         | 5.3135    | 1.0627         | 22.3167     | 69.5005 | 1.1222       |
| 30       | 0                    | 0               | 0            | 1.9685        | 6.2992    | 1.9685         | 22.8346     | 66.9291 | 1.3228       |
| 31       | 0                    | 0               | 0            | 0             | 8.4507    | 2.8169         | 25.3521     | 63.3803 | 1.3099       |
| 32       | 0                    | 0               | 0            | 0             | 20        | 0              | 46.6667     | 33.3333 | 3.3333       |
| 33       | 0                    | 0               | 0            | 0             | 33.3333   | 0              | 0           | 66.6667 | 2.3333       |

#### Frequencies and Payouts by King-Count

King-count is the number of kings left in the shoe divided by the number of decks left in the shoe.

| King Count | Kings of Spades + BJ | Kings of Spades | Suited Kings | Suited Q/J/10 | Suited 20 | Unsuited Kings | Unsuited 20 | Other   | Total Payout |
|------------|----------------------|-----------------|--------------|---------------|-----------|----------------|-------------|---------|--------------|
| 0          | 0                    | 0               | 0            | 0.4381        | 1.3914    | 0              | 5.7158      | 92.4547 | -0.4831      |
| 1          | 0                    | 0.001           | 0.0032       | 0.4171        | 1.6029    | 0.0147         | 6.2846      | 91.6764 | -0.4344      |
| 2          | 0.0002               | 0.0064          | 0.0201       | 0.3977        | 1.7739    | 0.0952         | 6.762       | 90.9445 | -0.3798      |
| 3          | 0.0005               | 0.0167          | 0.0518       | 0.3847        | 1.9409    | 0.2484         | 7.2072      | 90.1499 | -0.3095      |
| 4          | 0.0009               | 0.0292          | 0.0909       | 0.371         | 2.0809    | 0.4346         | 7.575       | 89.4175 | -0.2381      |
| 5          | 0.0014               | 0.0426          | 0.1312       | 0.3575        | 2.2129    | 0.6316         | 7.9232      | 88.6996 | -0.1655      |
| 6          | 0.0021               | 0.0604          | 0.1888       | 0.3427        | 2.3581    | 0.9022         | 8.3013      | 87.8445 | -0.0737      |
| 7          | 0.0027               | 0.0825          | 0.2538       | 0.3298        | 2.4902    | 1.2185         | 8.6667      | 86.9558 | 0.0256       |
| 8          | 0.004                | 0.1073          | 0.3373       | 0.3159        | 2.6252    | 1.6466         | 9.0121      | 85.9515 | 0.1477       |
| 9          | 0.0047               | 0.1291          | 0.4226       | 0.3031        | 2.7734    | 2.073          | 9.3014      | 84.9928 | 0.2597       |
| 10         | 0.0039               | 0.1881          | 0.5459       | 0.2632        | 2.8269    | 2.5228         | 9.6184      | 84.0308 | 0.3938       |
| 11         | 0.0114               | 0.2161          | 0.6938       | 0.3241        | 2.8092    | 3.2187         | 10.0426     | 82.6841 | 0.6236       |
| 12         | 0                    | 0.3125          | 0.7986       | 0.2431        | 3.0556    | 3.8194         | 10.0694     | 81.7014 | 0.6906       |
| 13         | 0                    | 0.4073          | 1.4257       | 0.2037        | 2.444     | 5.499          | 9.9796      | 80.0407 | 1.0244       |
| 14         | 0                    | 0               | 0            | 0             | 5.8824    | 11.7647        | 5.8824      | 76.4706 | 0.7059       |

